Problem 1:

Hilbertian Matrix: 
1.00000e+00     5.00000e-01     3.33333e-01     2.50000e-01     2.00000e-01     1.66667e-01     1.42857e-01     1.25000e-01     1.11111e-01     1.00000e-01     9.09091e-02
5.00000e-01     3.33333e-01     2.50000e-01     2.00000e-01     1.66667e-01     1.42857e-01     1.25000e-01     1.11111e-01     1.00000e-01     9.09091e-02     8.33333e-02
3.33333e-01     2.50000e-01     2.00000e-01     1.66667e-01     1.42857e-01     1.25000e-01     1.11111e-01     1.00000e-01     9.09091e-02     8.33333e-02     7.69231e-02
2.50000e-01     2.00000e-01     1.66667e-01     1.42857e-01     1.25000e-01     1.11111e-01     1.00000e-01     9.09091e-02     8.33333e-02     7.69231e-02     7.14286e-02
2.00000e-01     1.66667e-01     1.42857e-01     1.25000e-01     1.11111e-01     1.00000e-01     9.09091e-02     8.33333e-02     7.69231e-02     7.14286e-02     6.66667e-02
1.66667e-01     1.42857e-01     1.25000e-01     1.11111e-01     1.00000e-01     9.09091e-02     8.33333e-02     7.69231e-02     7.14286e-02     6.66667e-02     6.25000e-02
1.42857e-01     1.25000e-01     1.11111e-01     1.00000e-01     9.09091e-02     8.33333e-02     7.69231e-02     7.14286e-02     6.66667e-02     6.25000e-02     5.88235e-02
1.25000e-01     1.11111e-01     1.00000e-01     9.09091e-02     8.33333e-02     7.69231e-02     7.14286e-02     6.66667e-02     6.25000e-02     5.88235e-02     5.55556e-02
1.11111e-01     1.00000e-01     9.09091e-02     8.33333e-02     7.69231e-02     7.14286e-02     6.66667e-02     6.25000e-02     5.88235e-02     5.55556e-02     5.26316e-02
1.00000e-01     9.09091e-02     8.33333e-02     7.69231e-02     7.14286e-02     6.66667e-02     6.25000e-02     5.88235e-02     5.55556e-02     5.26316e-02     5.00000e-02
9.09091e-02     8.33333e-02     7.69231e-02     7.14286e-02     6.66667e-02     6.25000e-02     5.88235e-02     5.55556e-02     5.26316e-02     5.00000e-02     4.76190e-02
LU Decomp, L: 
1.00000e+00     0.00000e+00     0.00000e+00     0.00000e+00     0.00000e+00     0.00000e+00     0.00000e+00     0.00000e+00     0.00000e+00     0.00000e+00     0.00000e+00
5.00000e-01     1.00000e+00     0.00000e+00     0.00000e+00     0.00000e+00     0.00000e+00     0.00000e+00     0.00000e+00     0.00000e+00     0.00000e+00     0.00000e+00
3.33333e-01     1.00000e+00     1.00000e+00     0.00000e+00     0.00000e+00     0.00000e+00     0.00000e+00     0.00000e+00     0.00000e+00     0.00000e+00     0.00000e+00
2.50000e-01     9.00000e-01     1.50000e+00     1.00000e+00     0.00000e+00     0.00000e+00     0.00000e+00     0.00000e+00     0.00000e+00     0.00000e+00     0.00000e+00
2.00000e-01     8.00000e-01     1.71429e+00     2.00000e+00     1.00000e+00     0.00000e+00     0.00000e+00     0.00000e+00     0.00000e+00     0.00000e+00     0.00000e+00
1.66667e-01     7.14286e-01     1.78571e+00     2.77778e+00     2.50000e+00     1.00000e+00     0.00000e+00     0.00000e+00     0.00000e+00     0.00000e+00     0.00000e+00
1.42857e-01     6.42857e-01     1.78571e+00     3.33333e+00     4.09091e+00     3.00000e+00     1.00000e+00     0.00000e+00     0.00000e+00     0.00000e+00     0.00000e+00
1.25000e-01     5.83333e-01     1.75000e+00     3.71212e+00     5.56818e+00     5.65385e+00     3.50000e+00     1.00000e+00     0.00000e+00     0.00000e+00     0.00000e+00
1.11111e-01     5.33333e-01     1.69697e+00     3.95960e+00     6.85315e+00     8.61538e+00     7.46667e+00     4.00000e+00     1.00000e+00     0.00000e+00     0.00000e+00
1.00000e-01     4.90909e-01     1.63636e+00     4.11189e+00     7.93007e+00     1.16308e+01     1.26000e+01     9.52941e+00     4.50000e+00     1.00000e+00     0.00000e+00
9.09091e-02     4.54545e-01     1.57343e+00     4.19580e+00     8.81119e+00     1.45385e+01     1.85294e+01     1.76471e+01     1.18421e+01     4.99989e+00     1.00000e+00
LU Decomp, U: 
1.00000e+00     5.00000e-01     3.33333e-01     2.50000e-01     2.00000e-01     1.66667e-01     1.42857e-01     1.25000e-01     1.11111e-01     1.00000e-01     9.09091e-02
0.00000e+00     8.33333e-02     8.33333e-02     7.50000e-02     6.66667e-02     5.95238e-02     5.35714e-02     4.86111e-02     4.44444e-02     4.09091e-02     3.78788e-02
0.00000e+00     -1.38778e-17    5.55556e-03     8.33333e-03     9.52381e-03     9.92063e-03     9.92063e-03     9.72222e-03     9.42761e-03     9.09091e-03     8.74126e-03
0.00000e+00     0.00000e+00     0.00000e+00     3.57143e-04     7.14286e-04     9.92063e-04     1.19048e-03     1.32576e-03     1.41414e-03     1.46853e-03     1.49850e-03
0.00000e+00     0.00000e+00     0.00000e+00     0.00000e+00     2.26757e-05     5.66893e-05     9.27644e-05     1.26263e-04     1.55400e-04     1.79820e-04     1.99800e-04
0.00000e+00     0.00000e+00     0.00000e+00     0.00000e+00     -6.77626e-21    1.43155e-06     4.29465e-06     8.09376e-06     1.23333e-05     1.66500e-05     2.08125e-05
0.00000e+00     -6.93889e-18    0.00000e+00     0.00000e+00     -1.35525e-20    0.00000e+00     9.00975e-08     3.15341e-07     6.72728e-07     1.13523e-06     1.66945e-06
0.00000e+00     -6.93889e-18    0.00000e+00     0.00000e+00     0.00000e+00     0.00000e+00     0.00000e+00     5.65997e-09     2.26399e-08     5.39362e-08     9.98818e-08
0.00000e+00     0.00000e+00     0.00000e+00     0.00000e+00     0.00000e+00     1.69407e-21     0.00000e+00     0.00000e+00     3.55136e-10     1.59811e-09     4.20556e-09
0.00000e+00     -6.93889e-18    0.00000e+00     0.00000e+00     0.00000e+00     0.00000e+00     -2.11758e-22    0.00000e+00     0.00000e+00     2.22666e-11     1.11330e-10
0.00000e+00     0.00000e+00     0.00000e+00     0.00000e+00     0.00000e+00     0.00000e+00     0.00000e+00     1.32349e-23     0.00000e+00     0.00000e+00     1.39830e-12
LUP Decomp, L: 
1.00000e+00     0.00000e+00     0.00000e+00     0.00000e+00     0.00000e+00     0.00000e+00     0.00000e+00     0.00000e+00     0.00000e+00     0.00000e+00     0.00000e+00
1.81818e-01     1.00000e+00     0.00000e+00     0.00000e+00     0.00000e+00     0.00000e+00     0.00000e+00     0.00000e+00     0.00000e+00     0.00000e+00     0.00000e+00
2.00000e+00     -7.33333e+00    1.00000e+00     0.00000e+00     0.00000e+00     0.00000e+00     0.00000e+00     0.00000e+00     0.00000e+00     0.00000e+00     0.00000e+00
4.00000e-01     1.46667e+00     -5.14286e-02    1.00000e+00     0.00000e+00     0.00000e+00     0.00000e+00     0.00000e+00     0.00000e+00     0.00000e+00     0.00000e+00
6.66667e-01     1.22222e+00     -8.00000e-02    1.03704e+00     1.00000e+00     0.00000e+00     0.00000e+00     0.00000e+00     0.00000e+00     0.00000e+00     0.00000e+00
2.50000e-01     1.22222e+00     -1.50000e-02    3.71212e-01     -3.13210e-01    1.00000e+00     0.00000e+00     0.00000e+00     0.00000e+00     0.00000e+00     0.00000e+00
5.00000e-01     1.46667e+00     -7.00000e-02    1.16667e+00     4.92187e-01     -4.53968e-01    1.00000e+00     0.00000e+00     0.00000e+00     0.00000e+00     0.00000e+00
2.00000e-01     1.06667e+00     -3.63636e-03    9.79021e-02     -1.18007e-01    4.57143e-01     3.14685e-01     1.00000e+00     0.00000e+00     0.00000e+00     0.00000e+00
3.33333e-01     1.39683e+00     -3.57143e-02    7.71605e-01     -2.60417e-01    5.89569e-01     -5.41126e-01    -7.49559e-01    1.00000e+00     0.00000e+00     0.00000e+00
2.85714e-01     1.30952e+00     -2.38095e-02    5.55556e-01     -3.40909e-01    9.43311e-01     -3.99600e-01    -7.70975e-01    7.19999e-01     1.00000e+00     0.00000e+00
2.22222e-01     1.14074e+00     -8.48485e-03    2.19978e-01     -2.28438e-01    8.12698e-01     2.98368e-01     8.39506e-01     -2.30589e-01    -8.53966e-01    1.00000e+00
LUP Decomp, U: 
5.00000e-01     3.33333e-01     2.50000e-01     2.00000e-01     1.66667e-01     1.42857e-01     1.25000e-01     1.11111e-01     1.00000e-01     9.09091e-02     8.33333e-02
0.00000e+00     2.27273e-02     3.14685e-02     3.50649e-02     3.63636e-02     3.65260e-02     3.60963e-02     3.53535e-02     3.44498e-02     3.34711e-02     3.24675e-02
0.00000e+00     0.00000e+00     6.41026e-02     1.07143e-01     1.33333e-01     1.48810e-01     1.57563e-01     1.62037e-01     1.63743e-01     1.63636e-01     1.62338e-01
0.00000e+00     0.00000e+00     0.00000e+00     -9.18367e-04    -2.03175e-03    -3.06122e-03    -3.92884e-03    -4.62963e-03    -5.18219e-03    -5.61039e-03    -5.93692e-03
0.00000e+00     -3.46945e-18    0.00000e+00     1.08420e-19     7.52499e-05     1.98413e-04     3.39530e-04     4.80110e-04     6.10695e-04     7.27273e-04     8.28801e-04
0.00000e+00     0.00000e+00     0.00000e+00     0.00000e+00     0.00000e+00     -3.41455e-06    -1.08514e-05    -2.14822e-05    -3.41564e-05    -4.78549e-05    -6.18069e-05
0.00000e+00     0.00000e+00     0.00000e+00     0.00000e+00     0.00000e+00     0.00000e+00     -1.51576e-07    -5.45579e-07    -1.19276e-06    -2.05677e-06    -3.08334e-06
0.00000e+00     0.00000e+00     -2.71051e-20    0.00000e+00     0.00000e+00     0.00000e+00     -6.61744e-24    -6.05950e-09    -2.50230e-08    -6.13169e-08    -1.16434e-07
0.00000e+00     0.00000e+00     0.00000e+00     0.00000e+00     0.00000e+00     -4.23516e-22    0.00000e+00     0.00000e+00     -3.15231e-10    -1.44190e-09    -3.85032e-09
0.00000e+00     -3.46945e-18    -2.16840e-19    0.00000e+00     0.00000e+00     0.00000e+00     0.00000e+00     0.00000e+00     0.00000e+00     -4.63496e-12    -2.32971e-11
0.00000e+00     0.00000e+00     0.00000e+00     0.00000e+00     0.00000e+00     0.00000e+00     -6.61744e-24    0.00000e+00     0.00000e+00     0.00000e+00     1.31200e-13
LUP Decomp, P: 
0.00000e+00     1.00000e+00     0.00000e+00     0.00000e+00     0.00000e+00     0.00000e+00     0.00000e+00     0.00000e+00     0.00000e+00     0.00000e+00     0.00000e+00
0.00000e+00     0.00000e+00     0.00000e+00     0.00000e+00     0.00000e+00     0.00000e+00     0.00000e+00     0.00000e+00     0.00000e+00     0.00000e+00     1.00000e+00
1.00000e+00     0.00000e+00     0.00000e+00     0.00000e+00     0.00000e+00     0.00000e+00     0.00000e+00     0.00000e+00     0.00000e+00     0.00000e+00     0.00000e+00
0.00000e+00     0.00000e+00     0.00000e+00     0.00000e+00     1.00000e+00     0.00000e+00     0.00000e+00     0.00000e+00     0.00000e+00     0.00000e+00     0.00000e+00
0.00000e+00     0.00000e+00     1.00000e+00     0.00000e+00     0.00000e+00     0.00000e+00     0.00000e+00     0.00000e+00     0.00000e+00     0.00000e+00     0.00000e+00
0.00000e+00     0.00000e+00     0.00000e+00     0.00000e+00     0.00000e+00     0.00000e+00     0.00000e+00     1.00000e+00     0.00000e+00     0.00000e+00     0.00000e+00
0.00000e+00     0.00000e+00     0.00000e+00     1.00000e+00     0.00000e+00     0.00000e+00     0.00000e+00     0.00000e+00     0.00000e+00     0.00000e+00     0.00000e+00
0.00000e+00     0.00000e+00     0.00000e+00     0.00000e+00     0.00000e+00     0.00000e+00     0.00000e+00     0.00000e+00     0.00000e+00     1.00000e+00     0.00000e+00
0.00000e+00     0.00000e+00     0.00000e+00     0.00000e+00     0.00000e+00     1.00000e+00     0.00000e+00     0.00000e+00     0.00000e+00     0.00000e+00     0.00000e+00
0.00000e+00     0.00000e+00     0.00000e+00     0.00000e+00     0.00000e+00     0.00000e+00     1.00000e+00     0.00000e+00     0.00000e+00     0.00000e+00     0.00000e+00
0.00000e+00     0.00000e+00     0.00000e+00     0.00000e+00     0.00000e+00     0.00000e+00     0.00000e+00     0.00000e+00     1.00000e+00     0.00000e+00     0.00000e+00
Cholesky Decomp, L: 
1.00000e+00     0.00000e+00     0.00000e+00     0.00000e+00     0.00000e+00     0.00000e+00     0.00000e+00     0.00000e+00     0.00000e+00     0.00000e+00     0.00000e+00
5.00000e-01     2.88675e-01     0.00000e+00     0.00000e+00     0.00000e+00     0.00000e+00     0.00000e+00     0.00000e+00     0.00000e+00     0.00000e+00     0.00000e+00
3.33333e-01     2.88675e-01     7.45356e-02     0.00000e+00     0.00000e+00     0.00000e+00     0.00000e+00     0.00000e+00     0.00000e+00     0.00000e+00     0.00000e+00
2.50000e-01     2.59808e-01     1.11803e-01     1.88982e-02     0.00000e+00     0.00000e+00     0.00000e+00     0.00000e+00     0.00000e+00     0.00000e+00     0.00000e+00
2.00000e-01     2.30940e-01     1.27775e-01     3.77964e-02     4.76190e-03     0.00000e+00     0.00000e+00     0.00000e+00     0.00000e+00     0.00000e+00     0.00000e+00
1.66667e-01     2.06197e-01     1.33099e-01     5.24951e-02     1.19048e-02     1.19647e-03     0.00000e+00     0.00000e+00     0.00000e+00     0.00000e+00     0.00000e+00
1.42857e-01     1.85577e-01     1.33099e-01     6.29941e-02     1.94805e-02     3.58942e-03     3.00162e-04     0.00000e+00     0.00000e+00     0.00000e+00     0.00000e+00
1.25000e-01     1.68394e-01     1.30437e-01     7.01525e-02     2.65152e-02     6.76468e-03     1.05057e-03     7.52328e-05     0.00000e+00     0.00000e+00     0.00000e+00
1.11111e-01     1.53960e-01     1.26485e-01     7.48293e-02     3.26340e-02     1.03081e-02     2.24121e-03     3.00931e-04     1.88451e-05     0.00000e+00     0.00000e+00
1.00000e-01     1.41713e-01     1.21967e-01     7.77074e-02     3.77622e-02     1.39159e-02     3.78205e-03     7.16924e-04     8.48027e-05     4.71898e-06     0.00000e+00
9.09091e-02     1.31216e-01     1.17276e-01     7.92932e-02     4.19580e-02     1.73949e-02     5.56183e-03     1.32764e-03     2.23165e-04     2.35938e-05     1.18381e-06
LU Relative Error for single column: 
2.6277e-07
LU Relative Error for linear combination: 
4.5955e-03
LUP Relative Error for single column: 
2.6158e-08
LUP Relative Error for linear combination: 
2.0700e-04

Problem 2:

Cholesky Relative Error for single column: 
3.3458e-05
Cholesky Relative Error for linear combination: 
2.4720e-03

Problem 3:

Eigenvalue 1 Jacobi estimate is: -6.0000e+00
Eigenvalue 2 Jacobi estimate is: -2.0000e+00
Eigenvalue 3 Jacobi estimate is: -4.0000e+00
Eigenvalue 4 Jacobi estimate is: -4.0000e+00
Eigenvalue 1 Gauss Seidel estimate is: -6.0000e+00
Eigenvalue 2 Gauss Seidel estimate is: -2.0000e+00
Eigenvalue 3 Gauss Seidel estimate is: -4.0000e+00
Eigenvalue 4 Gauss Seidel estimate is: -4.0000e+00
Convergence achieved for eigenvector 1 after 40 Jacobi iterations with epsilon 1.0000e-25.
Convergence achieved for eigenvector 2 after 42 Jacobi iterations with epsilon 1.0000e-25.
Convergence achieved for eigenvector 3 after 1 Jacobi iterations with epsilon 1.0000e-25.
Convergence achieved for eigenvector 4 after 1 Jacobi iterations with epsilon 1.0000e-25.
Convergence achieved for eigenvector 1 after 20 Gauss Seidel iterations with epsilon 1.0000e-25.
Convergence achieved for eigenvector 2 after 22 Gauss Seidel iterations with epsilon 1.0000e-25.
Convergence achieved for eigenvector 3 after 1 Gauss Seidel iterations with epsilon 1.0000e-25.
Convergence achieved for eigenvector 4 after 21 Gauss Seidel iterations with epsilon 1.0000e-25.
Eigenvectors 1 and 2 are orthogonal.
Eigenvectors 1 and 3 are orthogonal.
Eigenvectors 1 and 4 are orthogonal.
Eigenvectors 2 and 3 are orthogonal.
Eigenvectors 2 and 4 are orthogonal.
Eigenvectors 3 and 4 are orthogonal.